74.5875
44.5788
6.82336
5.542
6.30386
7.08039
2.55435
4.96985
4.92705
2.6444
0.690283
0.588883
4.08297
9.46607
8.40483
8.15028
0.563535
12.0317
6.96286
11.4813
9.45008
5.48669
12.6206
18.4943
5.61433
12.2204
10.759
15.7511
18.5136
15.784
5.40436
7.97665
4.0072
5.44727
5.42074
6.30539
3.94863
6.46607
8.00899
5.45019
11.989
8.11634
4.85889
5.98152
9.77418
14.9047
4.25319
11.8994
18.6166
6.00212
5.45695
3.56121
4.23301
5.43301
9.71558
6.19239
9.77915
6.88913
8.31643
11.6171
5.06332
4.45252
10.3878
7.68335
2.41204
8.52025
1.90297
5.38693
2.30331
0.856491
1.96468
2.63027
9.10814
6.95738
11.9545
9.47862
14.6618
6.34082
6.78901
9.03945
6.48469
6.145
1.15313
2.8519
2.69786
4.26763
7.76932
4.00611
4.50992
4.34099
6.30298
3.79441
4.29805
2.28599
1.26093
4.69304
4.26157
5.6491
6.81701
6.88217
8.56042
10.8595
8.82565
8.27279
11.7536
12.8514
9.54278
4.46236
10.1672
8.18241
7.83625
7.17693
1.65859
11.8715
8.19943
5.54858
6.70188
1.7288
2.46297
4.83811
6.36646
1.79793
4.62148
2.79637
6.67441
8.08226
1.36498
3.88333
4.42567
4.34521
3.39714
8.25206
9.14077
9.80275
8.72557
4.4678
0.672965
7.93512
11.1923
9.87762
6.67675
5.76079
8.24933
8.74959
1.22304
4.57028
3.08151
5.87
4.37913
2.30004
1.23353
2.55524
2.30084
1.23605
4.51803
5.96523
6.16582
8.2229
12.859
9.92315
2.01227
7.84957
6.26755
4.28205
8.60686
5.12501
4.39347
3.88982
1.6973
2.57937
3.88423
4.54078
4.57515
9.2625
7.91828
10.6776
12.3412
6.11145
6.39494
0.215473
11.6244
3.25315
6.96019
7.70742
10.5917
10.8181
14.3485
5.19421
7.96835
4.4475
8.15813
8.13015
6.74503
4.55826
6.50631
8.48249
6.7554
5.60306
6.8669
5.31556
8.20996
11.3873
14.1141
12.2651
6.99625
3.18802
10.2728
13.718
6.41967
4.24673
6.00658
10.8103
2.88416
7.8682
3.99994
7.09569
2.28317
6.60107
5.29991
3.97374
6.92524
8.64299
9.35358
5.96513
4.99406
8.68751
4.93073
4.69034
4.85256
5.57731
3.54905
4.52924
6.69564
4.97062
5.24497
4.96288
5.58034
3.5719
3.30447
2.80731
2.77836
4.67545
2.31292
7.89782
9.39086
6.79936
7.56363
7.61104
6.40322
3.32722
2.41104
4.63443
4.34796
4.42884
4.25194
2.28007
0.585754
