11093819475081;26
11093819475081;26
11093819475081;26
11093819475081;26
11093819475081;26
11093819475081;20
11093819475081;20
11093819475081;20
11093819475081;20
11093819475081;20
11093819475081;29
11093819475081;29
11093819475081;29
11093819475081;29
11093819475081;21
11093819475081;21
11093819475081;21
11093819475081;288
11093819475081;288
11093819475081;288
11093819475081;288
11093819475081;288
11093819475081;318
11093819475081;318
11093819475081;318
11093819475081;318
11093819475081;318
11093819475081;318
11093819475081;60
11093819475081;60
11093819475081;60
11093819475081;60
11093819475081;60
11093819475081;60
11093819475081;60
11093819475081;60
11093819475081;16
11093819475081;16
11093819475081;16
11093819475081;28
11093819475081;28
11093819475081;28
11093819475081;28
11093819475081;28
11093819475081;61
11093819475081;61
11093819475081;61
11093819475081;61
11093819475081;61
11093819475081;61
11093819475081;51
11093819475081;51
11093819475081;51
11093819475081;51
11093819475081;51
11093819475081;51
11093819475081;51
11093819475081;51
11093819475081;308
11093819475081;308
11093819475081;308
11093819475081;308
11093819475081;308
11093819475081;308
11093819475081;308
11093819475081;387
11093819475081;387
11093819475081;387
11093819475081;271
11093819475081;271
11093819475081;271
11093819475081;10
11093819475081;10
11093819475081;10
11093819475081;10
11093819475081;10
11093819475081;282
11093819475081;282
11093819475081;282
11093819475081;220
11093819475081;395
11093819475081;395
11093819475081;57
11093819475081;57
11093819475081;57
11093819475081;57
11093819475081;40
11093819475081;40
11093819475081;40
11093819475081;40
11093819475081;40
11093819475081;40
11093819475081;30
11093819475081;30
11093819475081;30
11093819475081;30
11093819475081;30
11093819475081;30
11093819475081;277
11093819475081;277
11093819475081;277
11093819475081;124
11093819475081;124
11093819475081;124
11093819475081;124
11093819475081;40
11093819475081;40
11093819475081;40
11093819475081;40
11093819475081;40
11093819475081;40
11093819475081;22
11093819475081;22
11093819475081;22
11093819475081;22
11093819475081;22
11093819475081;206
11093819475081;182
11093819475081;182
11093819475081;182
11093819475081;182
11093819475081;23
11093819475081;23
11093819475081;23
11093819475081;23
11093819475081;23
11093819475081;61
11093819475081;61
11093819475081;61
11093819475081;61
11093819475081;61
11093819475081;9
11093819475081;9
11093819475081;9
11093819475081;9
11093819475081;9
11093819475081;9
11093819475081;184
11093819475081;184
11093819475081;184
11093819475081;184
11093819475081;184
11093819475081;184
11093819475081;184
11093819475081;184
11093819475081;388
11093819475081;388
11093819475081;388
11093819475081;24
11093819475081;24
11093819475081;24
11093819475081;24
11093819475081;24
11093819475081;105
11093819475081;105
11093819475081;105
11093819475081;105
11093819475081;105
11093819475081;162
11093819475081;162
11093819475081;162
11093819475081;162
11093819475081;162
11093819475081;162
11093819475081;24
11093819475081;24
11093819475081;24
11093819475081;24
11093819475081;24
11093819475081;24
11093819475081;8
11093819475081;8
11093819475081;8
11093819475081;8
11093819475081;9
11093819475081;9
11093819475081;9
11093819475081;9
11093819475081;9
11093819475081;9
11093819475081;27
11093819475081;27
11093819475081;27
11093819475081;27
11093819475081;27
11093819475081;126
11093819475081;126
11093819475081;126
11093819475081;336
11093819475081;336
11093819475081;336
11093819475081;127
11093819475081;127
11093819475081;43
11093819475081;32
11093819475081;32
11093819475081;32
11093819475081;32
11093819475081;32
11093819475081;32
11093819475081;336
11093819475081;336
11093819475081;336
11093819475081;336
11093819475081;336
11093819475081;167
11093819475081;167
11093819475081;167
11093819475081;60
11093819475081;60
11093819475081;60
11093819475081;60
11093819475081;60
11093819475081;60
11093819475081;344
11093819475081;344
11093819475081;344
11093819475081;344
11093819475081;344
11093819475081;344
11093819475081;224
11093819475081;224
11093819475081;224
11093819475081;224
11093819475081;224
11093819475081;224
11093819475081;160
11093819475081;160
11093819475081;160
11093819475081;160
11093819475081;160
11093819475081;336
11093819475081;336
11093819475081;336
11093819475081;336
11093819475081;46
11093819475081;46
11093819475081;46
11093819475081;46
11093819475081;390
11093819475081;24
11093819475081;24
11093819475081;24
11093819475081;24
11093819475081;56
11093819475081;56
11093819475081;56
11093819475081;56
11093819475081;56
11093819475081;56
11093819475081;56
11093819475081;55
11093819475081;55
11093819475081;151
11093819475081;151
11093819475081;151
11093819475081;98
11093819475081;98
11093819475081;98
11093819475081;221
11093819475081;221
11093819475081;221
11093819475081;221
11093819475081;286
11093819475081;286
11093819475081;286
11093819475081;286
11093819475081;286
11093819475081;286
11093819475081;370
11093819475081;158
11093819475081;158
11093819475081;158
11093819475081;158
11093819475081;261
11093819475081;261
11093819475081;261
11093819475081;261
11093819475081;261
11093819475081;261
11093819475081;46
11093819475081;46
11093819475081;46
11093819475081;46
11093819475081;46
11093819475081;46
11093819475081;45
11093819475081;45
11093819475081;45
11093819475081;45
11093819475081;45
11093819475081;45
11093819475081;355
11093819475081;355
11093819475081;53
11093819475081;53
11093819475081;53
11093819475081;53
11093819475081;53
11093819475081;53
11093819475081;53
11093819475081;52
11093819475081;52
11093819475081;52
11093819475081;52
11093819475081;52
11093819475081;52
11093819475081;52
11093819475081;176
11093819475081;176
11093819475081;29
11093819475081;29
11093819475081;29
11093819475081;232
11093819475081;232
11093819475081;232
11093819475081;232
11093819475081;232
11093819475081;232
11093819475081;232
11093819475081;142
11093819475081;142
11093819475081;142
11093819475081;142
11093819475081;230
11093819475081;230
11093819475081;230
11093819475081;137
11093819475081;137
11093819475081;137
11093819475081;323
11093819475081;323
11093819475081;323
11093819475081;323
11093819475081;323
11093819475081;323
11093819475081;336
11093819475081;336
11093819475081;336
11093819475081;336
11093819475081;336
11093819475081;336
11093819475081;209
11093819475081;209
11093819475081;209
11093819475081;223
11093819475081;223
11093819475081;223
11093819475081;223
11093819475081;223
11093819475081;223
11093819475081;334
11093819475081;334
11093819475081;334
11093819475081;334
11093819475081;334
11093819475081;334
11093819475081;275
11093819475081;275
11093819475081;321
11093819475081;321
11093819475081;321
11093819475081;321
11093819475081;321
11093819475081;321
11093819475081;347
11093819475081;347
11093819475081;347
11093819475081;347
11093819475081;347
11093819475081;347
11093819475081;345
11093819475081;345
11093819475081;345
11093819475081;345
11093819475081;345
11093819475081;345
11093819475081;304
11093819475081;283
11093819475081;283
11093819475081;193
11093819475081;193
11093819475081;193
11093819475081;212
11093819475081;212
11093819475081;212
11093819475081;292
11093819475081;292
11093819475081;292
11093819475081;365
11093819475081;365
11093819475081;365
11093819475081;365
11093819475081;365
11093819475081;365
11093819475081;310
11093819475081;310
11093819475081;310
11093819475081;310
11093819475081;310
11093819475081;262
11093819475081;262
11093819475081;262
11093819475081;262
11093819475081;262
11093819475081;151
11093819475081;151
11093819475081;302
11093819475081;302
11093819475081;302
11093819475081;229
11093819475081;229
11093819475081;229
11093819475081;229
11093819475081;47
11093819475081;47
11093819475081;47
11093819475081;47
11093819475081;47
11093819475081;47
11093819475081;236
11093819475081;260
11093819475081;260
11093819475081;327
11093819475081;327
11093819475081;327
11093819475081;327
11093819475081;327
11093819475081;327
11093819475081;327
11093819475081;296
11093819475081;296
11093819475081;296
11093819475081;296
11093819475081;373
11093819475081;373
11093819475081;373
11093819475081;373
11093819475081;373
11093819475081;329
11093819475081;329
11093819475081;329
11093819475081;362
11093819475081;362
11093819475081;362
11093819475081;362
11093819475081;362
11093819475081;362
11093819475081;107
11093819475081;107
11093819475081;107
11093819475081;107
11093819475081;107
11093819475081;403
11093819475081;222
11093819475081;222
11093819475081;222
11093819475081;222
11093819475081;310
11093819475081;310
11093819475081;310
11093819475081;310
11093819475081;162
11093819475081;377
11093819475081;377
11093819475081;377
11093819475081;261
11093819475081;261
11093819475081;302
11093819475081;302
11093819475081;407
11093819475081;123
11093819475081;123
11093819475081;261
11093819475081;261
11093819475081;239
11093819475081;239
11093819475081;239
11093819475081;239
11093819475081;239
11093819475081;239
11093819475081;239
11093819475081;410
11093819475081;410
11093819475081;397
11093819475081;235
11093819475081;161
11093819475081;238
11093819475081;230
11093819475081;230
11093819475081;230
11093819475081;230
11093819475081;230
11093819475081;230
11093819475081;327
11093819475081;327
11093819475081;327
11093819475081;377
11093819475081;377
11093819475081;377
11093819475081;92
11093819475081;92
11093819475081;92
11093819475081;92
11093819475081;92
11093819475081;92
11093819475081;142
11093819475081;142
11093819475081;376
11093819475081;376
11093819475081;376
11093819475081;72
11093819475081;72
11093819475081;72
11093819475081;72
11093819475081;72
11093819475081;72
11093819475081;72
11093819475081;72
11093819475081;72
11093819475081;344
11093819475081;344
11093819475081;344
11093819475081;344
11093819475081;344
11093819475081;344
11093819475081;395
11093819475081;355
11093819475081;355
11093819475081;355
11093819475081;355
11093819475081;355
11093819475081;355
11093819475081;377
11093819475081;141
11093819475081;324
11093819475081;324
11093819475081;324
11093819475081;79
11093819475081;79
11093819475081;79
11093819475081;79
11093819475081;79
11093819475081;79
11093819475081;79
11093819475081;79
11093819475081;107
11093819475081;335
11093819475081;335
11093819475081;335
11093819475081;335
11093819475081;335
11093819475081;335
11093819475081;74
11093819475081;74
11093819475081;74
11093819475081;74
11093819475081;74
11093819475081;74
11093819475081;74
11093819475081;74
11093819475081;344
11093819475081;344
11093819475081;344
11093819475081;344
11093819475081;344
11093819475081;344
11093819475081;132
11093819475081;132
11093819475081;132
11093819475081;230
11093819475081;230
11093819475081;230
11093819475081;230
11093819475081;230
11093819475081;230
11093819475081;201
11093819475081;201
11093819475081;201
11093819475081;201
11093819475081;201
11093819475081;201
11093819475081;201
11093819475081;201
11093819475081;201
11093819475081;201
11093819475081;201
11093819475081;201
11093819475081;324
11093819475081;324
11093819475081;324
11093819475081;142
11093819475081;142
11093819475081;142
11093819475081;355
11093819475081;355
11093819475081;355
11093819475081;355
11093819475081;355
11093819475081;355
11093819475081;336
11093819475081;336
11093819475081;336
11093819475081;336
11093819475081;336
11093819475081;336
11093819475081;75
11093819475081;142
11093819475081;142
11093819475081;142
11093819475081;394
11093819475081;73
11093819475081;92
11093819475081;92
11093819475081;92
11093819475081;94
11093819475081;94
11093819475081;94
11093819475081;94
11093819475081;94
11093819475081;94
11093819475081;94
11093819475081;177
11093819475081;218
11093819475081;218
11093819475081;218
11093819475081;218
11093819475081;218
11093819475081;72
11093819475081;72
11093819475081;72
11093819475081;72
11093819475081;72
11093819475081;72
11093819475081;72
11093819475081;72
11093819475081;72
11093819475081;101
11093819475081;101
11093819475081;101
11093819475081;101
11093819475081;101
11093819475081;101
11093819475081;126
11093819475081;126
11093819475081;126
11093819475081;72
11093819475081;72
11093819475081;72
11093819475081;72
11093819475081;72
11093819475081;72
11093819475081;72
11093819475081;72
11093819475081;72
11093819475081;72
11093819475081;72
11093819475081;72
11093819475081;72
11093819475081;72
11093819475081;72
11093819475081;72
11093819475081;72
11093819475081;72
11093819475081;138
11093819475081;138
11093819475081;149
11093819475081;149
11093819475081;154
11093819475081;154
11093819475081;112
11093819475081;239
11093819475081;239
11093819475081;239
11093819475081;239
11093819475081;239
11093819475081;239
11093819475081;126
11093819475081;240
11093819475081;240
11093819475081;240
11093819475081;240
11093819475081;240
11093819475081;240
11093819475081;34
11093819475081;34
11093819475081;34
11093819475081;239
11093819475081;239
11093819475081;239
11093819475081;239
11093819475081;239
11093819475081;239
11093819475081;113
11093819475081;33
11093819475081;33
11093819475081;33
11093819475081;28
11093819475081;28
11093819475081;28
11093819475081;32
11093819475081;32
11093819475081;32
11093819475081;29
11093819475081;29
11093819475081;29
11093819475081;355
11093819475081;355
11093819475081;355
11093819475081;355
11093819475081;355
11093819475081;355
11093819475081;200
11093819475081;200
11093819475081;200
11093819475081;200
11093819475081;27
11093819475081;27
11093819475081;27
11093819475081;355
11093819475081;355
11093819475081;355
11093819475081;355
11093819475081;355
11093819475081;355
11093819475081;292
11093819475081;200
11093819475081;200
11093819475081;200
11093819475081;162
11093819475081;316
11093819475081;239
11093819475081;239
11093819475081;239
11093819475081;239
11093819475081;239
11093819475081;239
11093819475081;299
11093819475081;162
11093819475081;355
11093819475081;355
11093819475081;355
11093819475081;394
11093819475081;161
11093819475081;239
11093819475081;239
11093819475081;239
11093819475081;239
11093819475081;239
11093819475081;239
11093819475081;394
11093819475081;355
11093819475081;355
11093819475081;355
11093819475081;355
11093819475081;355
11093819475081;355
11093819475081;355
11093819475081;355
11093819475081;200
11093819475081;200
11093819475081;200
11093819475081;239
11093819475081;239
11093819475081;239
11093819475081;239
11093819475081;239
11093819475081;239
11093819475081;355
11093819475081;355
11093819475081;355
11093819475081;355
11093819475081;316
11093819475081;316
11093819475081;394
11093819475081;200
11093819475081;200
11093819475081;200
11093819475081;277
11093819475081;162
11093819475081;162
11093819475081;200
11093819475081;200
11093819475081;123
11093819475081;123
11093819475081;123
11093819475081;161
11093819475081;200
11093819475081;123
